KT1 1.409 1.409 1.686 1.936 2.435 2.684 2.713 2.964 3.217 3.599 3.672 3.85 4.102 4.354 4.551 4.852 5.103 5.1307 6.134 6.382 6.632 6.632
KT2 1.908 1.908 2.406 5.159 5.406 6.408 6.555 7.554 10.052 11.553 12.304 12.804 14.11 15.73 16.979 17.732 18.231 18.731 20.733 21.732 21.766 21.766
KT3 1.656 1.656 2.157 3.159 3.408 3.398 3.856 4.103 4.826 5.055 5.179 5.383 5.773 6.274 6.773 7.021 7.303 7.553 8.552 8.856 9.173 9.173
KT4 0.906 0.906 1.908 3.407 4.656 5.159 5.405 5.908 8.158 8.657 8.906 9.907 10.156 12.159 12.659 13.156 13.447 14.659 16.202 16.702 16.786 16.786
KT6 3.397 3.397 3.853 4.604 4.853 4.879 5.109 5.134 6.133 6.382 6.548 6.674 6.803 7.054 7.552 7.742 7.984 8.336 8.876 8.971 9.219 9.219
KT7 0.0 0.0 0.0 1.736 1.906 2.435 2.575 2.714 3.464 3.971 4.244 4.497 4.915 5.629 5.884 5.911 6.163 6.663 7.303 7.803 8.053 8.053
KT8 1.436 1.436 1.681 1.936 2.434 2.573 2.714 2.821 3.273 3.414 3.349 3.604 3.771 3.998 4.104 '-' 4.539 4.632 5.368 5.404 5.613 5.613
KT9 0.909 1.155 1.405 2.183 2.434 2.574 2.714 2.964 3.464 3.963 3.971 3.994 'cannot see' 5.493 5.773 5.912 6.163 6.413 7.304 7.553 8.052 8.052
K10 1.406 2.155 3.155 4.907 5.407 5.909 6.407 7.405 9.656 10.158 10.252 11.753 12.504 14.254 14.753 15.254 16.754 17.245 20.292 20.739 21.039 21.039
KT11 3.656 3.656 4.405 5.906 6.406 6.905 7.053 7.3 9.053 9.302 9.851 10.052 10.252 11.993 12.321 12.864 12.951 13.201 15.178 15.62 15.757 15.757
KT13 1.488 1.488 1.682 2.185 2.185 2.714 2.813 2.962 3.713 3.852 3.932 3.989 4.012 4.494 4.494 5.145 5.259 5.263 6.023 6.023 6.522 6.522
KT14 0.654 0.654 1.155 2.154 3.155 3.463 3.464 3.603 5.106 5.381 5.381 '' '' 6.773 6.773 7.271 7.373 7.689 9.181 9.181 9.361 9.361
KT15 1.408 1.408 2.406 3.657 4.406 5.103 5.131 5.883 7.138 7.637 7.694 8.191 8.973 11.723 11.843 12.172 12.672 12.921 14.174 14.922 15.162 15.162
KT16 1.91 1.91 2.907 4.406 5.158 5.403 5.658 6.656 8.407 8.909 9.156 9.658 9.907 11.407 11.906 12.312 12.561 13.308 14.811 15.512 15.761 15.761
KT17 0.659 0.659 1.654 3.909 3.909 4.474 4.996 6.994 9.492 9.492 11.243 11.995 12.992 13.995 13.995 15.994 16.745 17.493 19.049 19.049 19.959 19.959
KT18 0.652 0.652 1.352 2.435 2.935 3.184 3.433 3.684 5.184 5.435 5.684 6.019 6.284 7.274 7.274 8.012 8.137 8.582 10.081 10.081 10.501 10.501
KT19 2.572 2.572 2.823 3.573 3.573 3.827 4.072 4.072 4.494 4.816 4.963 5.215 5.464 6.214 6.214 6.662 6.804 7.054 8.302 8.302 8.582 8.582
KT20 1.159 1.159 2.154 3.654 4.155 4.244 4.494 5.242 6.244 6.244 6.744 6.803 7.055 8.552 8.553 8.803 8.794 9.222 10.722 11.223 11.473 11.473
