KT1 1.62 1.62 2.04 2.28 2.79 3.71 4.26 4.59 5.10 5.40 5.95 7.14 8.15 end
KT2 0.91 1.31 2.22 2.49 5.39 10.88 13.93 14.45 16.14 16.43 17.86 20.81 22.85 23.94
KT3 0.0 0.6 1.6 1.65 2.6 4.04 5.05 5.57 5.96 6.35 7.10 8.36 9.85 1.019
KT6 2.10 3.38 4.12 4.29 5.29 7.24 8.52 8.91 9.91 10.05 10.80 12.11 13.26 end
KT8 1.85 1.87 2.35 2.74 3.40 3.90 4.82 5.32 5.71 5.96 6.21 6.96 7.6 end
KT10 0.85 2.52 3.90 4.04 7.24 10.24 13.24 13.64 14.90 15.17 16.43 18.70 end end
KT11 0.85 3.37 4.01 4.40 6.16 8.36 9.77 10.41 11.41 11.69 12.69 14.19 15.44 17.42
KT12 0 1.16 1.60 1.87 2.62 3.79 4.82 5.32 5.82 5.86 6.6 7.85 8.66 9.16
KT13 0 0 0 0 0.6 1.24 2.37 7.82 2.76 3.15 3.4 4.04 4.58 6.07
KT14 2.62 3.12 4.02 4.26 5.26 6.82 7.83 8.02 8.42 8.91 9.34 10.59 11.22 11.82
KT15 0.10 1.36 2.35 3.12 4.13 6.37 7.85 8.24 9.02 9.77 10.66 12.16 13.22 end
KT16 0 1.52 2.27 2.72 4.51 7.18 8.83 9.24 10.3 10.62 11.83 13.56 14.95 end
KT17 0 0 0.97 1.16 4.80 8.47 11.57 12.22 13.91 14.19 16.03 18.8 20.84 22.06
KT18 0 0.1 0.6 0.85 1.85 3.35 4.79 5.07 6.07 6.32 6.57 7.74 8.77 end
KT19 0 0 0 0 0 0.99 2.12 2.52 2.76 3.15 3.4 4.18 5.07 5.96
KT20 0 0 0.70 0.9 2.47 4.63 5.94 6.57 7.42 7.89 8.7 10.31 11.46 12.14
