KT1 0.659 0.569 0.903 1.156 1.654 2.654 3.036 3.356 3.602 4.105 4.56 5.633 5.909 5.909
KT2 0.746 0.746 1.048 3.043 4.044 7.541 7.795 8.043 8.795 9.544 10.79 13.541 14.04 14.04
KT3 5.155 5.155 5.403 6.656 6.903 9.153 9.4 10.113 10.499 11.257 11.498 13.282 13.531 13.531
KT6 1.654 1.654 1.906 3.602 3.849 5.851 6.104 6.594 6.799 7.803 8.079 9.932 10.22 10.22
KT8 0.401 0.401 0.654 1.654 1.683 2.935 3.008 3.561 3.599 3.991 4.242 5.302 5.292 5.292
KT10 2.155 2.155 2.655 5.405 6.901 10.249 11.027 11.783 12.281 14.032 14.527 17.147 end end
KT11 1.405 1.405 1.901 3.653 4.153 6.491 6.549 7.803 8.049 9.345 9.862 11.999 12.167 12.167
KT12 2.158 2.158 2.658 3.401 3.809 5.605 5.851 6.411 6.66 7.051 7.3 8.802 9.049 9.049
KT 13 3.409 3.409 4.153 4.904 5.153 6.656 6.656 7.302 7.444 7.689 8.19 9.441 9.748 9.748
KT14 0.658 0.658 1.045 1.932 2.041 3.574 3.85 4.852 5.103 5.953 6.159 7.664 7.909 7.909
KT15 1.294 1.294 1.79 3.291 3.54 6.29 6.541 7.295 8.044 9.295 9.545 11.611 11.862 11.862
KT 16 0.905 0.905 1.046 3.168 3.461 6.216 6.716 7.469 8.213 8.966 9.714 12.217 12.969 12.969
KT17 0.0 0.0 0.405 1.909 3.212 5.965 6.467 7.216 7.714 8.715 9.748 12.753 13.239 13.239
KT18 0.0 0.35 0.6 1.908 1.936 4.437 4.681 5.432 5.773 6.549 6.801 8.553 8.801 8.801
KT19 3.649 3.649 4.106 5.445 5.52 7.198 7.198 7.979 8.081 8.832 9.083 10.082 10.328 10.328
KT20 0.654 0.654 1.405 2.157 3.154 5.159 5.658 6.274 6.522 7.244 7.259 9.189 9.44 9.44
